 [ 183.10140434330782 ]
 [ 0.004047431699496951 ]
 [ 0.009461335263225568 ]
 [ 0.012094754554549558 ]
 [ 0.017168838344414183 ]
 [ 0.01740398757231687 ]
 [ 0.017467249275424646 ]
 [ 0.0178490437564911 ]
 [ 0.024480186537180648 ]
 [ 0.025118567015452342 ]
 [ 0.02640534119523852 ]
 [ 0.030608184711810704 ]
 [ 0.03127275445329314 ]
 [ 0.031287245040385825 ]
 [ 0.03389132919505844 ]
 [ 0.0346668760886637 ]
 [ 0.03587591339633245 ]
 [ 0.03588154771855656 ]
 [ 0.035887182040780674 ]
 [ 0.036216544399658934 ]
 [ 0.03693922723016718 ]
 [ 0.041558152544000526 ]
 [ 0.04346231331251227 ]
 [ 0.043556275449859516 ]
 [ 0.045605555573583034 ]
 [ 0.050541238547088696 ]
 [ 0.05703134639758356 ]
 [ 0.06189640003881469 ]
 [ 0.06245216358629624 ]
 [ 0.06302090822130202 ]
 [ 0.06310587452593475 ]
 [ 0.06395182084413631 ]
